1,1,1
2,1,2
3,1,3
4,1,4
5,1,5
6,1,6
7,1,7
8,1,8
9,1,9
10,2,11
11,2,12
12,2,65
13,2,2
14,2,13
15,2,14
16,2,15
17,2,16
18,2,17
19,2,18
20,2,19
21,2,20
22,2,21
23,2,10
24,2,22
25,2,8
26,2,23
27,2,24
28,2,1
29,2,3
30,3,58
31,3,59
32,3,13
33,3,60
34,3,3
35,3,61
36,3,62
37,3,6
38,3,60
39,3,2
40,3,14
41,3,63
42,3,64
43,3,65
44,3,66
45,4,25
46,4,26
47,4,27
48,4,51
49,4,29
50,4,30
51,4,22
52,4,31
53,4,32
54,4,33
55,4,34
56,4,35
57,4,36
58,4,37
59,4,38
60,4,39
61,4,40
62,4,41
63,4,42
64,4,43
65,5,44
66,5,45
67,5,46
68,5,47
69,5,48
70,5,49
71,5,50
72,5,51
73,5,52
74,5,53
75,5,54
76,5,56
77,5,57
78,6,22
79,6,50
80,6,67
81,6,68
82,6,69
83,6,51
84,6,70
85,6,71
86,6,72
87,6,73
88,6,74
89,6,75
90,6,76
91,6,35
92,6,25
93,6,56
94,7,77
95,7,78